1,0,0,3,1,1,2,3,1,3,4,3,1,5,0,3,2,1,10,19,2,9,19,23,1,9,23,27,2,27,9,31,1,31,5,35,2,35,9,39,1,39,10,43,2,43,13,47,1,47,6,51,2,51,10,55,1,9,55,59,2,6,59,63,1,63,6,67,1,67,10,71,1,71,10,75,2,9,75,79,1,5,79,83,2,9,83,87,1,87,9,91,2,91,13,95,1,95,9,99,1,99,6,103,2,103,6,107,1,107,5,111,1,13,111,115,2,115,6,119,1,119,5,123,1,2,123,127,1,6,127,0,99,2,14,0,0

1,12,2,3,1,1,2,3,1,3,4,3,1,5,0,3,2,1,10,19,2,9,19,23,1,9,23,27,2,27,9,31,1,31,5,35,2,35,9,39,1,39,10,43,2,43,13,47,1,47,6,51,2,51,10,55,1,9,55,59,2,6,59,63,1,63,6,67,1,67,10,71,1,71,10,75,2,9,75,79,1,5,79,83,2,9,83,87,1,87,9,91,2,91,13,95,1,95,9,99,1,99,6,103,2,103,6,107,1,107,5,111,1,13,111,115,2,115,6,119,1,119,5,123,1,2,123,127,1,6,127,0,99,2,14,0,0

0: 1,0,0,3,  $3 = add($0,$0)
4: 1,1,2,3,  $3 = add($1,$2)
8: 1,3,4,3,  $3 = add($3,1);
12: 1,5,0,3,  $3 = add(1,1);  let $3 = 2;
16: 2,1,10,19, $19 = mul($1, 4)
20: 2,9,19,23, $23 = mul(3, $19);
24: 1,9,23,27, $27 = add(3, $23);
28: 2,27,9,31, $31 = mul($27, 3);
32: 1,31,5,35, $35 = add($31, 1);
36: 2,35,9,39, $39 = mul($35, 3);
40: 1,39,10,43, $43 = add($39, 4);
44: 2,43,13,47, $47 = mul($43, 5);
48: 1,47,6,51,  $51 = add($47, 2);
52: 2,51,10,55, $55 = mul($51, 4);
56: 1,9,55,59,  $59 = add(3, $55);
60: 2,6,59,63,  $63 = mul(2, $59);
64: 1,63,6,67,  $67 = add($63, 2);
68: 1,67,10,71, $71 = add($67, 4);
72: 1,71,10,75, $75 = add($71, 4);
76: 2,9,75,79,  $79 = mul(3, $75);
80: 1,5,79,83,  $83 = add(1, $79);
84: 2,9,83,87,  $87 = mul(3, $83);
88: 1,87,9,91,  $91 = add($87, 3);
92: 2,91,13,95, $95 = mul($91, 5);
96: 1,95,9,99,  $99 = add($95, 3);
100: 1,99,6,103, $103 = add($99, 2);
104: 2,103,6,107, $107 = mul($103, 2);
108: 1,107,5,111, $111 = add( $107, 1);
112: 1,13,111,115,  $115 = add(5, $111);
116: 2,115,6,119,   $119 = mul($115, 2);
120: 1,119,5,123,   $123 = add($119, 1);
124: 1,2,123,127,   $127 = add($2, $127);
128: 1,6,127,0,     $0 = add(2, $127);
132: 99,            END
133: 2,14,0,0


((((4 * A) * 3 + 3) * 3 + 1) * 3 + 4 ) * 5 + 2 ) *4 + 3 ) * 2 + 10 ) * 3 + 1 ) * 3 + 3 ) * 5 + 5 ) * 2 + 6 ) * 2 + 1 + $2 + 2

12A + 3
36A + 10
108A + 34
540A + 172
2160A + 691
4320A + 1392
12960A + 4177
38880A + 12534
194400A + 62675
388800A + 125356
777600A + 250713
777600A + B + 250715

19690720, 19440005  25 5
2505

1,25,5,3,1,1,2,3,1,3,4,3,1,5,0,3,2,1,10,19,2,9,19,23,1,9,23,27,2,27,9,31,1,31,5,35,2,35,9,39,1,39,10,43,2,43,13,47,1,47,6,51,2,51,10,55,1,9,55,59,2,6,59,63,1,63,6,67,1,67,10,71,1,71,10,75,2,9,75,79,1,5,79,83,2,9,83,87,1,87,9,91,2,91,13,95,1,95,9,99,1,99,6,103,2,103,6,107,1,107,5,111,1,13,111,115,2,115,6,119,1,119,5,123,1,2,123,127,1,6,127,0,99,2,14,0,0
